75
1 1 1 0
1 2 0 0
2 1 1 2
2 2 0 2
5 5 24 3
9 137 204 171
12 1364 1368 1364
2 0 4 0
4 0 15 1
3 2 0 6
9 171 170 171
8 85 85 86
6 22 21 21
9 171 171 170
4 5 5 6
3 2 3 3
8 85 86 85
1 0 1 1
4 4 4 8
9 510 0 2
5 0 3 29
3 3 3 2
9 134 160 218
6 25 31 8
6 21 22 21
12 160 613 3323
9 16 361 135
3 0 8 0
9 7 442 63
4 10 4 2
9 424 87 1
10 341 341 342
12 1366 1366 1364
2 2 1 1
3 2 4 2
10 341 342 341
6 8 42 14
5 11 10 11
4 8 0 8
6 21 21 22
4 3 0 13
11 682 683 683
5 10 11 11
2 1 3 0
11 683 683 682
3 3 2 3
3 8 0 0
10 342 341 341
4 6 6 4
7 42 43 43
4 5 6 5
8 12 189 55
7 43 43 42
8 54 48 154
12 1365 1365 1366
7 43 42 43
11 1636 44 368
4 6 5 5
11 683 682 683
1 0 0 2
3 2 2 4
12 1365 1366 1365
12 0 4096 0
5 11 11 10
3 4 2 2
1 1 0 1
2 1 2 1
9 96 244 172
8 86 85 85
6 15 22 27
11 63 111 1874
7 14 93 21
9 170 171 171
12 2506 1487 103
12 1366 1365 1365
