100
2 2
0.50 0.50
4 2
0.00 0.00 1.00 1.00
3 2
0.50 0.75 1.00
16 12
0.70 0.67 0.00 0.04 0.03 0.05 0.05 0.03 0.10 0.70 0.04 0.09 0.09 0.08 0.64 0.09
16 8
0.97 0.01 0.90 0.00 0.10 1.00 0.06 0.04 0.91 0.00 0.08 1.00 0.01 0.91 0.92 0.96
8 4
1.00 1.00 1.00 1.00 1.00 0.00 1.00 1.00
16 6
0.04 0.02 0.04 0.06 0.63 0.09 0.06 0.69 0.64 0.06 0.05 0.10 0.01 0.01 0.00 0.65
16 10
0.99 1.00 1.00 0.99 0.98 0.99 0.98 1.00 0.98 0.99 1.00 0.99 1.00 0.98 1.00 0.98
8 6
1.00 1.00 1.00 1.00 0.00 1.00 1.00 0.00
4 2
0.00 0.00 0.02 0.00
16 8
0.90 0.03 1.00 0.91 0.02 0.07 0.00 0.08 0.07 0.94 0.98 0.95 0.96 0.91 0.07 0.09
16 2
0.98 0.98 0.98 0.98 0.99 0.98 1.00 0.98 1.00 0.98 1.00 1.00 0.99 0.98 0.99 0.99
4 2
0.00 0.00 0.00 0.00
16 14
0.99 1.00 0.98 0.98 0.99 0.98 0.98 1.00 0.99 0.99 1.00 1.00 0.99 0.98 0.99 0.98
3 2
0.30 0.80 0.50
16 6
0.88 0.30 0.01 0.02 0.46 0.00 0.19 0.85 0.91 0.86 0.88 0.56 0.52 0.26 0.66 0.46
12 8
0.31 0.66 0.51 0.92 0.50 0.02 0.22 0.81 0.09 0.04 0.52 0.27
12 6
0.22 0.29 0.24 0.22 0.64 0.57 0.38 0.04 0.35 0.69 0.53 0.76
16 2
0.00 0.02 0.02 0.01 0.00 0.01 0.00 0.00 0.02 0.02 0.02 0.00 0.00 0.01 0.02 0.01
16 8
0.50 0.49 0.49 0.50 0.50 0.52 0.49 0.49 0.50 0.51 0.51 0.50 0.50 0.51 0.51 0.50
8 4
1.00 0.00 1.00 1.00 1.00 0.00 0.00 1.00
16 10
0.92 0.48 0.69 0.81 0.66 0.56 0.28 0.03 0.11 0.61 0.12 0.05 0.04 0.67 0.42 0.49
4 2
0.99 0.98 0.01 0.01
16 2
0.60 0.02 0.60 0.03 0.02 0.61 0.02 0.10 0.09 0.65 0.03 0.05 0.03 0.09 0.07 0.09
16 8
0.49 0.49 0.49 0.49 0.49 0.50 0.49 0.50 0.49 0.49 0.49 0.50 0.49 0.50 0.50 0.49
16 10
0.44 0.48 0.42 0.50 0.41 0.54 0.51 0.53 0.45 0.47 0.56 0.55 0.44 0.46 0.41 0.49
16 10
0.65 0.03 0.62 0.60 0.01 0.63 0.10 0.65 0.69 0.68 0.67 0.70 0.02 0.60 0.66 0.66
8 2
1.00 1.00 0.00 1.00 0.00 1.00 1.00 1.00
8 6
1.00 1.00 1.00 1.00 1.00 1.00 1.00 1.00
8 6
1.00 0.00 1.00 1.00 1.00 0.00 1.00 0.00
16 4
0.09 0.70 0.62 0.05 0.03 0.04 0.00 0.66 0.00 0.07 0.03 0.10 0.08 0.10 0.08 0.63
16 2
0.16 0.24 0.16 0.03 0.31 0.55 0.40 0.25 0.82 0.17 0.49 0.66 0.12 0.73 0.29 0.84
16 8
0.38 0.62 0.34 0.59 0.39 0.42 0.62 0.35 0.63 0.40 0.43 0.58 0.35 0.56 0.35 0.39
2 2
0.00 0.00
3 2
0.01 0.04 0.02
12 8
0.69 0.48 0.21 0.60 0.44 0.28 0.81 0.75 0.83 0.58 0.37 0.70
16 10
0.45 0.49 0.44 0.55 0.53 0.44 0.41 0.41 0.47 0.55 0.54 0.46 0.42 0.51 0.50 0.48
16 8
0.69 0.06 0.01 0.67 0.61 0.70 0.63 0.64 0.70 0.10 0.65 0.08 0.66 0.70 0.60 0.68
8 4
0.00 1.00 0.00 1.00 1.00 0.00 1.00 0.00
16 14
0.67 0.01 0.61 0.60 0.63 0.08 0.66 0.67 0.07 0.61 0.62 0.69 0.70 0.60 0.10 0.69
16 8
0.98 0.45 1.00 0.03 0.99 0.17 0.99 0.98 0.33 0.47 0.01 0.23 1.00 1.00 0.99 0.28
16 8
0.00 0.02 0.02 0.57 0.57 0.02 0.61 0.85 0.58 0.02 0.93 1.00 0.02 0.90 0.01 0.01
16 8
0.51 0.99 0.98 0.51 0.93 0.62 1.00 0.98 0.99 0.57 1.00 0.98 0.91 0.63 0.86 0.98
3 2
0.50 0.40 0.60
16 6
0.01 0.01 0.00 0.02 0.01 0.02 0.02 0.02 0.00 0.00 0.01 0.01 0.01 0.00 0.00 0.02
4 2
0.00 1.00 0.00 0.00
16 8
0.12 0.99 0.98 1.00 0.31 0.15 0.47 0.99 0.98 1.00 0.41 0.28 0.30 0.99 1.00 0.36
16 8
0.02 0.14 0.00 0.01 0.40 0.00 0.01 0.10 0.31 0.01 0.26 0.44 0.32 0.45 0.02 0.02
3 2
1.00 0.00 0.00
8 2
0.00 0.00 0.00 1.00 1.00 0.00 1.00 1.00
16 8
0.50 0.50 0.49 0.52 0.49 0.51 0.49 0.50 0.50 0.52 0.50 0.50 0.49 0.51 0.51 0.50
16 14
0.03 0.07 0.10 0.07 0.09 0.10 0.10 0.00 0.03 0.65 0.01 0.04 0.01 0.63 0.63 0.62
16 10
0.50 0.49 0.48 0.48 0.47 0.47 0.48 0.46 0.51 0.49 0.50 0.47 0.51 0.51 0.51 0.48
16 8
0.61 0.02 0.50 0.02 0.01 0.55 0.00 0.64 0.02 0.00 0.01 0.81 0.55 0.02 0.98 0.77
16 6
0.99 0.98 0.99 0.98 1.00 1.00 0.99 1.00 0.99 1.00 0.98 0.98 0.99 0.99 0.99 0.99
2 2
0.00 0.50
4 4
0.50 0.50 0.50 0.50
16 14
0.55 0.41 0.42 0.69 0.39 0.47 0.33 0.41 0.63 0.56 0.55 0.39 0.55 0.48 0.45 0.40
16 8
0.90 0.02 0.10 0.19 0.07 0.55 0.01 0.02 0.84 0.33 0.05 0.86 0.08 0.32 0.01 0.66
4 4
0.98 0.01 0.01 0.99
2 2
0.00 1.00
8 2
1.00 1.00 1.00 1.00 1.00 1.00 1.00 1.00
2 2
0.05 0.45
16 8
0.98 0.86 0.57 0.77 0.81 0.98 0.87 0.52 0.98 0.99 0.98 0.99 0.71 0.98 1.00 0.54
16 6
0.62 0.42 0.62 0.46 0.61 0.48 0.70 0.39 0.64 0.35 0.70 0.50 0.55 0.63 0.48 0.60
16 8
0.00 0.01 0.00 0.39 0.06 0.01 0.32 0.03 0.00 0.40 0.01 0.26 0.32 0.01 0.02 0.06
16 14
0.51 0.51 0.51 0.49 0.49 0.51 0.49 0.50 0.50 0.50 0.50 0.50 0.51 0.51 0.49 0.51
8 4
1.00 1.00 1.00 1.00 1.00 1.00 1.00 1.00
16 2
0.37 0.50 0.33 0.52 0.51 0.43 0.42 0.42 0.54 0.63 0.61 0.60 0.51 0.63 0.60 0.33
16 10
0.64 0.51 0.48 0.43 0.64 0.60 0.64 0.50 0.70 0.49 0.31 0.63 0.61 0.59 0.60 0.66
8 2
1.00 1.00 0.00 1.00 1.00 1.00 1.00 1.00
4 2
0.00 0.00 0.02 1.00
16 8
0.10 0.65 0.00 0.92 0.81 0.52 0.98 0.07 0.70 0.08 0.06 0.70 0.08 0.01 0.06 0.26
4 4
0.00 1.00 1.00 0.00
16 10
0.50 0.48 0.50 0.49 0.47 0.51 0.48 0.51 0.48 0.51 0.48 0.47 0.49 0.46 0.47 0.50
16 8
0.63 0.38 0.58 0.62 0.42 0.35 0.39 0.40 0.43 0.59 0.35 0.34 0.56 0.62 0.39 0.34
4 2
0.98 1.00 1.00 0.00
16 10
0.07 0.61 0.69 0.03 0.01 0.06 0.03 0.70 0.07 0.04 0.02 0.08 0.06 0.08 0.62 0.00
16 14
0.00 0.00 0.00 0.00 0.00 0.02 0.01 0.01 0.02 0.02 0.01 0.02 0.01 0.01 0.02 0.01
8 6
1.00 0.00 1.00 0.00 1.00 0.00 1.00 0.00
16 4
0.68 0.66 0.68 0.02 0.68 0.69 0.64 0.64 0.70 0.60 0.70 0.01 0.05 0.64 0.06 0.62
16 2
0.49 0.49 0.50 0.50 0.50 0.50 0.51 0.49 0.50 0.51 0.50 0.50 0.49 0.51 0.49 0.50
16 6
0.50 0.49 0.51 0.50 0.49 0.51 0.51 0.51 0.50 0.49 0.50 0.50 0.49 0.49 0.51 0.50
2 2
1.00 1.00
16 8
0.05 0.61 0.09 0.05 0.98 0.83 0.32 0.48 0.06 0.10 0.02 0.02 0.47 0.04 0.04 0.87
16 10
0.49 0.50 0.50 0.49 0.50 0.50 0.49 0.51 0.49 0.50 0.51 0.50 0.50 0.51 0.50 0.51
16 6
0.10 0.60 0.10 0.67 0.63 0.61 0.65 0.64 0.05 0.07 0.70 0.63 0.69 0.68 0.66 0.67
8 4
1.00 1.00 1.00 0.00 1.00 0.00 1.00 1.00
8 2
0.00 1.00 0.00 1.00 0.00 1.00 1.00 1.00
3 2
0.50 0.50 0.50
16 8
0.49 0.49 0.49 0.49 0.49 0.49 0.50 0.50 0.51 0.49 0.49 0.50 0.49 0.49 0.49 0.50
16 8
0.70 0.09 0.03 0.01 0.03 0.06 0.62 0.61 0.04 0.03 0.62 0.01 0.03 0.06 0.05 0.01
16 10
0.02 0.01 0.01 0.01 0.01 0.01 0.00 0.00 0.01 0.00 0.02 0.00 0.00 0.01 0.00 0.02
16 12
0.00 0.61 0.64 0.05 0.66 0.65 0.08 0.61 0.64 0.64 0.62 0.60 0.07 0.61 0.63 0.64
4 2
1.00 1.00 0.00 1.00
16 8
0.98 0.90 0.05 0.98 0.98 0.03 0.91 0.00 0.08 0.90 0.92 0.07 0.10 0.10 0.08 1.00
16 2
0.62 0.64 0.03 0.02 0.62 0.67 0.70 0.69 0.68 0.65 0.64 0.06 0.61 0.60 0.01 0.63
8 6
1.00 0.00 1.00 1.00 1.00 1.00 1.00 1.00
16 14
0.10 0.08 0.54 0.78 0.02 1.00 0.31 0.08 0.62 0.29 0.53 0.38 0.97 0.62 0.84 0.72
3 2
0.10 0.80 0.50
